meobach
  -0.109518    0.119837   0.0637329   -0.107097  -0.0774958  -0.0343862   -0.125779  -0.0967134    0.107876   -0.127138    0.238688   -0.014204   -0.191135   -0.187341  -0.0596889    0.185344   -0.199877   -0.135959  -0.0366215   0.0201631   0.0935828  -0.0209708   0.0352963  -0.0144453   -0.120562   -0.389505   -0.097251  -0.0542814  -0.0208806  -0.0155731  -0.0134542  -0.0505008   -0.233019  -0.0694706     0.01208   0.0530114  -0.0266643  -0.0126259    0.153521  0.00493813   -0.211362  -0.0302178    0.044377     0.22823     0.17842   0.0834584   0.0856084   -0.140463    0.153593   -0.160027   0.0962576    0.116894    0.121778   0.0551622 0.000107864  -0.0856787   0.0380446    0.179461   -0.128808   0.0473135   0.0960404  -0.0833759  -0.0915643  -0.0653576    0.242067   0.0467216   -0.142557   -0.225451    0.148508  -0.0849096  -0.0554763   0.0669422   -0.125814   -0.168206   -0.338295   0.0261172    0.347316    0.115692   -0.192501  -0.0245232  -0.0961127   0.0219783   0.0882289     0.14255  -0.0175775   0.0499643  -0.0998264   0.0115903    0.202987  -0.0877878  -0.0313547    0.224267   0.0152304    0.089319  -0.0288737   0.0228751   -0.112298   0.0736849   -0.101923  -0.0170553   0.0935042    0.016059   0.0103314     0.10635   -0.107968    0.153582  -0.0283397   0.0703109   0.0328638  -0.0389041  -0.0910169   -0.135285   0.0911266   -0.164439    0.177136    0.189299   0.0971581    0.121535    0.173041   0.0775753   0.0108989  -0.0351225   -0.215069  -0.0144736   0.0853666  -0.0316661    0.115129 -0.00969809 

thaihoc
 -0.0812868   0.0580988   0.0801242  -0.0312342  -0.0810743   -0.028478  -0.0684039    -0.13889    0.148573   -0.123285    0.260945 -0.00143187   -0.226407  -0.0692384   0.0177559    0.135881   -0.133031  -0.0873955  -0.0348407   0.0324178   0.0329954  -0.0161191   0.0496564   0.0694226  -0.0818667   -0.356866   -0.130593  -0.0893765   -0.045237  -0.0594319  -0.0469498   0.0420664   -0.122103  0.00587334  -0.0237841   0.0560733  -0.0714931  -0.0926348    0.211624  -0.0252534   -0.235806  0.00116231 -0.00143429    0.181507    0.187341   0.0139486   0.0407963  -0.0670901    0.104353   -0.193398   0.0101096    0.145469   0.0561064   0.0424867  -0.0202588   -0.190515  0.00319857   0.0571242   -0.123549  -0.0285985   0.0296128   -0.105716  -0.0104811  -0.0300494    0.237926    0.136009   -0.149645     -0.1472   0.0782407   -0.170947  -0.0590369   0.0392375   -0.229471    -0.21136   -0.301659   0.0433884     0.39329   0.0729382   -0.147865   0.0297815  -0.0833439 -0.00854627   0.0497937    0.155147  -0.0295037  0.00251565  -0.0875639 0.000377225    0.210791  -0.0732649  -0.0415499    0.217164   -0.014394     0.13303  0.00746736  0.00130145 -0.00299354   0.0239606  -0.0974672   0.0835736  -0.0166671  -0.0468861 -0.00176803   0.0895145   -0.170376    0.126654   0.0310562   0.0243097     0.02864   0.0291077   -0.172292   -0.088411    0.142446    -0.23538     0.20607    0.186989     0.11875    0.138718    0.123812   0.0864783  -0.0174009   0.0223934   -0.189399   0.0136404     0.09654 -0.00312474   0.0542667   0.0170863 

MinhThu
  -0.0765758    0.0663582     0.156107   -0.0717187    -0.113429   -0.0263961   -0.0382411    -0.163559     0.173337      -0.1455     0.265053  -0.00464121    -0.230522   -0.0844024   -0.0291107     0.229556    -0.191756    -0.130093   -0.0538231   -0.0308504   0.00740937   -0.0181394     0.143649    0.0143477   -0.0932915    -0.394132     -0.09202    -0.121311   0.00875929   -0.0328627   -0.0901994    0.0659968    -0.156442   -0.0294511  0.000770877     0.074717   -0.0346978    -0.104588     0.186181   -0.0451398    -0.259089    0.0127568   0.00661479     0.159754     0.159354    0.0404158    0.0638212    -0.138228    0.0922033     -0.17982    0.0196579     0.103957    0.0394484   -0.0146667      0.02742    -0.143551    0.0542574    0.0597877    -0.112466    -0.027462    0.0980253    -0.118305   -0.0407914   -0.0581421     0.225008     0.100914      -0.1023    -0.108928     0.113559   -0.0902952   -0.0243498       0.0542    -0.192353    -0.162232    -0.240987   -0.0455194      0.41816    0.0848416     -0.18001   0.00213087   -0.0990047    0.0513246     0.111881      0.17064   -0.0302702    0.0187036    -0.129005    0.0124312     0.155894    -0.125691  -0.00315797     0.239889   0.00119933     0.117997   -0.0135615    0.0212602   -0.0760862    0.0728287     -0.10665  0.000708283    0.0801178    0.0155018  -0.00120695    0.0701979    -0.166412    0.0579772   -0.0308417    0.0297567    0.0985815   -0.0193596   -0.0413774    -0.122171     0.112302    -0.211363      0.14316     0.254845   -0.0150172     0.126324    0.0965527    0.0942403   -0.0310089   -0.0345835    -0.222531   0.00715866     0.119941   -0.0424408    0.0523306 -0.000868967 

trung
  -0.0548378    0.0408612    0.0645661    0.0294395    0.0046944    -0.119759   -0.0481968    -0.147704     0.112742   -0.0404824     0.236814   -0.0695882    -0.193989    -0.166414   -0.0878118     0.213172     -0.22252    -0.115449   -0.0611116    0.0106688    0.0779893  -0.00968528    0.0313254    0.0461772   -0.0480907    -0.332075    -0.119443   -0.0983375    0.0363331   -0.0348843   -0.0578724    0.0361305    -0.157384   -0.0436465    0.0101835    0.0606517   -0.0297544   -0.0597604     0.185297   -0.0181072    -0.201319    0.0363173    0.0558166     0.220074     0.276783    0.0709594    0.0227655    -0.123903    0.0959089    -0.117895  -0.00844694     0.151944     0.169152    0.0832948    0.0384206    -0.101591     0.018801    0.0673391   -0.0960717   -0.0230499    0.0506385   -0.0569154    0.0359264  -0.00683799     0.197035   -0.0159556    -0.111092     -0.13335     0.144579    -0.194122   -0.0958929    0.0589062    -0.139254    -0.152818    -0.352478    -0.053388      0.37488     0.050966    -0.221856    0.0423305   -0.0606245  -0.00748448     0.164639     0.109091   -0.0135043   -0.0196917    -0.177975   -0.0752478     0.224623   -0.0847367   -0.0278787     0.158121  -0.00199671    0.0645537   0.00417817  -0.00757138   0.00314086    0.0883962   -0.0955894 -0.000372077    0.0277442    0.0187117    -0.015524    0.0519728   -0.0785773    0.0702115    0.0611752    0.0732266    0.0185833    0.0126644    -0.166702   -0.0660186     0.135395    -0.223272     0.214961     0.174024    0.0174848    0.0451493    0.0815366     0.120349   -0.0768947   -0.0446858     -0.17428   -0.0233779    0.0715486  -0.00581448     0.103304    0.0113576 

huy123
   -0.151021    0.0757707    0.0362572    -0.049339   -0.0316972   -0.0107006   -0.0642665    -0.166235     0.099947    -0.144765     0.234285   -0.0849126    -0.194986    -0.140241   -0.0102275     0.179279    -0.145773    -0.095465   -0.0572482   0.00199955    0.0867078   -0.0746251    0.0454293    0.0532557   -0.0963936    -0.376876    -0.115604   -0.0481609    0.0471855   -0.0299039   -0.0512889   -0.0257834     -0.22624  -0.00815104     -0.03574    0.0826809   -0.0161724   -0.0155461     0.197374  -0.00566696    -0.260102    0.0316725   -0.0114879     0.200977       0.1649    0.0397052    0.0696501    -0.122489     0.124322     -0.14816    0.0620395     0.134834     0.126675  -0.00564533   -0.0593137   -0.0595326     -0.01452     0.156747    -0.122673    0.0871394     0.154804   -0.0880797   -0.0748995   -0.0417877     0.197279       0.1082    -0.166843    -0.172593     0.158849    -0.132481  -0.00215187    0.0700563    -0.127729    -0.229489    -0.296623    0.0578231      0.45061     0.106601    -0.207699   -0.0354297    -0.121853    0.0324472     0.171549      0.16444    -0.019283 -0.000265758   -0.0703195   0.00484877     0.252995   -0.0392553   -0.0389956     0.233102    0.0341176    0.0980033   -0.0425777    0.0309085   -0.0319831    0.0067715    -0.091911    0.0186435   -0.0125186   -0.0505748  0.000419312    0.0777263    -0.147435     0.203088    0.0292682    0.0621207    0.0718063    0.0612726    -0.119412    -0.102098     0.100741    -0.211565     0.157136     0.220412     0.112705    0.0975484     0.163358     0.132554    0.0525345  -0.00516382    -0.212003   -0.0235187     0.098968   -0.0415295    0.0931461   -0.0117409 

